

	1.8138528739212618	1.0
	2.7864841346401112	0.6341463414634146
	3.0	0.3902439024390244
	3.027385748820076	0.24390243902439024
	5.579073294018534	0.0


	0.8568021728089739	1.0
	1.5777266210530998	0.7538461538461538
	1.7329956311994803	0.47692307692307695
	1.9150668659825163	0.36923076923076925
	2.214834148962346	0.26153846153846155
	2.2805406583016348	0.13846153846153847
	3.04046399464094	0.12307692307692308
	2.9350134114743276	0.06153846153846154
	3.2933251750900054	0.18461538461538463
	4.406599657688863	0.0


	1.0236377473363776	1.0
	1.2325914957907051	0.43157894736842106
	2.792653423265458	0.6
	2.954454725503162	0.5052631578947369
	3.426346623070666	0.4105263157894737
	4.398527923226993	0.37894736842105264
	4.286290872828426	0.35789473684210527
	4.667782010278534	0.0


	1.0046164543749998	1.0
	1.519400429767075	0.7578947368421053
	1.2664075661774392	0.43157894736842106
	2.8506032011466793	0.5684210526315789
	2.9279384911162576	0.5894736842105263
	2.4920148414789747	0.49473684210526314
	3.1648359332686695	0.5157894736842106
	3.0653422235278085	0.4842105263157895
	3.379401922636335	0.1368421052631579
	4.127995123819071	0.37894736842105264
	4.269126199052523	0.0


	1.1113345609614267	1.0
	1.1985525499243208	0.43157894736842106
	1.8388181269540234	0.3157894736842105
	2.7254100598522264	0.11578947368421053
	3.685274110351903	0.4
	2.9117438538216533	0.5263157894736842
	3.246109233617345	0.5052631578947369
	4.146581798633831	0.0


	0.4815584415584415	1.0
	1.3701447344925606	0.43157894736842106
	1.3701447344925606	0.43157894736842106
	2.382108229934317	0.4105263157894737
	2.9455761629674675	0.3157894736842105
	3.3362699136612184	0.11578947368421053
	6.0	0.0


	0.5284387954724037	1.0
	0.330716870896024	0.5052631578947369
	1.255922846765347	0.43157894736842106
	1.3793890588480324	0.47368421052631576
	2.8027599044959732	0.2631578947368421
	3.002809058476811	0.25263157894736843
	3.2220783714995855	0.11578947368421053
	5.779045769090688	0.0


	0.17619658119658121	1.0
	0.17619658119658121	1.0
	1.150478241012592	0.8541666666666666
	1.9516038172712904	0.8125
	2.4486232648586026	0.625
	2.74543673129039	0.5416666666666666
	3.3502529729936175	0.4583333333333333
	3.1429041847083177	0.25
	2.8313449404605615	0.22916666666666666
	3.9682028446532267	0.7916666666666666
	5.02303443468962	0.0


	1.0756860378128128	0.5454545454545454
	1.3595440055590216	1.0
	1.5344654324928597	0.7159090909090909
	1.0756860378128128	0.5454545454545454
	1.0756860378128128	0.5454545454545454
	1.5173787511923105	0.42045454545454547
	1.4034306969842942	0.2159090909090909
	2.750514253806167	0.3068181818181818
	2.7350565496200363	0.125
	3.4153684017261234	0.14772727272727273
	3.9831400136232817	0.13636363636363635
	3.534324235086947	0.5795454545454546
	4.468420302322977	0.0


	1.1234655698897167	1.0
	0.9988839620831138	0.4777777777777778
	0.9922349063818191	0.35555555555555557
	1.4900066351365744	0.15555555555555556
	2.8841830478065154	0.06666666666666667
	5.096186808582537	0.03333333333333333
	4.94839490145167	0.0


	0.9500627782471187	1.0
	0.5755206924475676	0.3977272727272727
	1.24199413578381	0.2159090909090909
	2.356721902017291	0.22727272727272727
	3.1391662303799466	0.14772727272727273
	3.929874433923425	0.13636363636363635
	3.9565595602369243	0.125
	4.671604649053866	0.0
	4.671604649053866	0.0


	0.5612450694804181	1.0
	1.059771100411742	0.7608695652173914
	1.059771100411742	0.7608695652173914
	1.392860962566845	0.8043478260869565
	1.392860962566845	0.8043478260869565
	1.8026908990540602	0.41304347826086957
	1.8026908990540602	0.41304347826086957
	2.838629772001747	0.32608695652173914
	3.2113669990382454	0.2391304347826087
	3.2113669990382454	0.2391304347826087
	4.13880644695872	0.2826086956521739
	3.634839785145397	0.08695652173913043
	5.029411764705882	0.0


	0.4795144356955381	1.0
	0.4795144356955381	1.0
	1.01258114066617	0.8260869565217391
	1.0093980391312003	0.7608695652173914
	1.5368983569809433	0.8043478260869565
	1.957119243233071	0.8913043478260869
	1.6738902008515062	0.8695652173913043
	1.7481350612484812	0.41304347826086957
	3.101106957277638	0.4782608695652174
	2.7870346341621346	0.32608695652173914
	3.1832381952837663	0.34782608695652173
	3.1726531794511947	0.2391304347826087
	4.5976773432401234	0.2608695652173913
	3.6040965911943372	0.08695652173913043
	5.0110390612938085	0.0


	0.5363669668565485	0.9583333333333334
	0.5363669668565485	0.9583333333333334
	0.6508692598469907	0.9375
	1.0779829022550669	0.7291666666666666
	1.168949661906361	1.0
	1.2594545134569177	0.7708333333333334
	1.7834087702013621	0.9375
	1.7239364230540701	0.5833333333333334
	2.7695926957315247	0.625
	2.3733381797903355	0.3958333333333333
	2.685864139029613	0.3125
	3.053745398944589	0.22916666666666666
	2.8920714586026897	0.16666666666666666
	3.3136517600011937	0.08333333333333333
	4.862745098039216	0.0


	0.6540608180270547	0.9387755102040817
	0.7314364904882095	0.9183673469387755
	0.6540608180270547	0.9387755102040817
	0.7314364904882095	0.9183673469387755
	0.741130866320076	0.7346938775510204
	1.2032298724931392	0.7755102040816326
	1.2398972633470389	1.0
	1.702276887695871	0.5714285714285714
	2.079250131328113	0.6326530612244898
	1.9537202866698764	0.673469387755102
	1.81267765272142	0.5102040816326531
	2.2564670743986084	0.5918367346938775
	2.121743486116353	0.6938775510204082
	2.444577872779272	0.5714285714285714
	2.7298518943732613	0.40816326530612246
	2.5104166666666665	0.32653061224489793
	2.5104166666666665	0.32653061224489793
	3.475817895231612	0.2653061224489796
	2.7846411720884032	0.08163265306122448
	5.013448144438957	0.10204081632653061
	4.816908131118145	0.0


	1.077775555442175	0.9361702127659575
	1.1873267842869424	0.9148936170212766
	1.1088483801493476	0.723404255319149
	1.1873267842869424	0.9148936170212766
	1.503966603542221	0.9361702127659575
	1.451354025156759	0.7021276595744681
	1.077775555442175	0.9361702127659575
	1.1873267842869424	0.9148936170212766
	2.0340657303838543	1.0
	1.4724357631409202	0.7021276595744681
	1.738738581281531	0.6808510638297872
	1.926153004096302	0.6595744680851063
	1.9474131104354466	0.3617021276595745
	2.493839845648743	0.3404255319148936
	2.318085106382979	0.3191489361702128
	3.386701019120571	0.2765957446808511
	2.785249152404022	0.2978723404255319
	3.4663293223895666	0.2127659574468085
	2.8294244242671778	0.0425531914893617
	4.593673094076497	0.0


	2.2413700233387237	0.9885057471264368
	2.262022825659189	1.0
	1.3181109510313462	0.5057471264367817
	2.314258130260909	0.7011494252873564
	1.4455890011879569	0.4942528735632184
	2.108606577240982	0.5402298850574713
	1.9170942868327092	0.4482758620689655
	2.0992426847690613	0.40229885057471265
	3.0883462647152364	0.2988505747126437
	2.4407127146326664	0.26436781609195403
	3.735898659913459	0.14942528735632185
	4.126025563944774	0.16091954022988506
	4.183323484645419	0.1724137931034483
	3.0272954706345088	0.1839080459770115
	2.99985691676242	0.1724137931034483
	2.6666666666666665	0.022988505747126436
	3.3044036521840185	0.022988505747126436
	4.736519793910152	0.0


	1.4619838023874205	0.9111111111111111
	2.3594847825575735	1.0
	1.9534376709495789	0.6888888888888889
	2.3696020354174596	0.7111111111111111
	1.8700201066121624	0.4888888888888889
	2.4654740884905713	0.4666666666666667
	3.3489165538000156	0.6222222222222222
	2.913137111241635	0.3111111111111111
	2.8004526449830127	0.1111111111111111
	2.6782945736434107	0.0
	4.968571194950863	0.044444444444444446


	2.0596751194252687	0.6956521739130435
	2.6222518765380216	1.0
	1.9191922100358612	0.9130434782608695
	3.3026877699404915	0.8043478260869565
	4.080288957688339	0.7608695652173914
	2.1680656542230867	0.6739130434782609
	3.923752198459366	0.5869565217391305
	2.6518615972899022	0.4782608695652174
	2.5195511588275963	0.2391304347826087
	2.6666666666666665	0.0
	2.6666666666666665	0.0


	2.349876657415973	1.0
	2.5872975277067347	0.7619047619047619
	2.89013826159511	0.6666666666666666
	3.088888284268379	0.5238095238095238
	2.1596607020853362	0.30952380952380953
	2.803757792046822	0.2619047619047619
	2.9333185957084034	0.11904761904761904
	4.6113070837338945	0.14285714285714285
	2.6884057971014492	0.0


	2.349876657415973	1.0
	2.5872975277067347	0.7619047619047619
	2.89013826159511	0.6666666666666666
	2.9070701024501973	0.5238095238095238
	2.0788526212772553	0.30952380952380953
	2.7633537516427813	0.2619047619047619
	2.889950032237266	0.19047619047619047
	2.8121064744962823	0.11904761904761904
	3.9245877999673504	0.09523809523809523
	2.5065876152832676	0.0
	3.2066513890056907	0.0


	2.240930110989895	1.0
	2.4394841850265476	0.7674418604651163
	1.453680908090454	0.6744186046511628
	2.734827246900803	0.627906976744186
	2.7696424328981397	0.5348837209302325
	2.238233641432526	0.4186046511627907
	1.9415878085543208	0.32558139534883723
	2.5647082390648563	0.37209302325581395
	2.4687560916096163	0.27906976744186046
	2.60840804266556	0.13953488372093023
	2.3824118589743586	0.023255813953488372
	3.2736113277712087	0.0
	2.3824118589743586	0.023255813953488372
	2.3824118589743586	0.023255813953488372


	2.6160165431726163	1.0
	3.2124506245831363	0.8260869565217391
	2.7187061794971017	0.6630434782608695
	2.2919622482042787	0.41304347826086957
	2.400364050669983	0.33695652173913043
	1.8470961629680438	0.31521739130434784
	1.6133856263555182	0.22826086956521738
	2.4776354589168665	0.2608695652173913
	2.178728102491896	0.1956521739130435
	2.1589594831345487	0.15217391304347827
	2.5410787569422983	0.13043478260869565
	2.4583488360101304	0.13043478260869565
	2.3	0.010869565217391304
	3.251763682793614	0.0


	2.6403083384388077	0.7777777777777778
	3.149717573757069	1.0
	2.6109867661426414	0.7111111111111111
	1.9746075230260425	0.37777777777777777
	2.286492389040415	0.3111111111111111
	2.7753066019502572	0.26666666666666666
	2.2857142857142856	0.022222222222222223
	3.851362527507399	0.0


	3.202451570692354	1.0
	3.0818627450980394	0.8444444444444444
	2.4694066723148493	0.5777777777777777
	1.5700274526565217	0.5555555555555556
	2.5188707944808284	0.4
	2.289290840116771	0.3111111111111111
	2.9085722463949235	0.26666666666666666
	2.269230769230769	0.022222222222222223
	3.0110243852884033	0.022222222222222223
	3.881978578656061	0.0


	1.659574792276742	1.0
	1.7731583378838827	0.7674418604651163
	2.863906439115353	0.9069767441860465
	1.4688532430134922	0.6744186046511628
	2.4104453785135416	0.6511627906976745
	1.5941157348629085	0.4883720930232558
	1.702155903997621	0.2558139534883721
	2.9464856711915535	0.3953488372093023
	3.2360060427207733	0.27906976744186046
	2.269230769230769	0.023255813953488372
	3.3375132565858436	0.0


	2.1468701614687014	1.0
	1.7165001782813956	0.6086956521739131
	2.9109307603288395	0.8913043478260869
	3.0044939298876487	0.6086956521739131
	3.370327558936136	0.5
	2.0695991271038094	0.21739130434782608
	2.2728610408691488	0.43478260869565216
	2.387193524218141	0.21739130434782608
	2.4030608980385892	0.30434782608695654
	2.333333333333333	0.0
	2.333333333333333	0.0
	3.524462513231234	0.0


	2.1463709657264816	1.0
	1.7330108004899951	0.6666666666666666
	2.0927539241147386	0.8095238095238095
	2.7664231894080187	0.8095238095238095
	1.8262764497612465	0.6666666666666666
	3.121726755218216	0.8333333333333334
	2.4160773531758704	0.5714285714285714
	2.9961430435035763	0.38095238095238093
	3.0556162926406367	0.35714285714285715
	2.0739727205617617	0.23809523809523808
	2.504125579505818	0.23809523809523808
	2.5	0.0
	2.5	0.0
	2.5	0.0


	NaN	1.0
	NaN	0.717948717948718
	NaN	0.3333333333333333
	NaN	0.2564102564102564
	NaN	0.1794871794871795
	NaN	0.1794871794871795
	NaN	0.0
	NaN	0.0
	NaN	0.0
	NaN	0.0


	NaN	1.0
	NaN	0.717948717948718
	NaN	0.3333333333333333
	NaN	0.2564102564102564
	NaN	0.1794871794871795
	NaN	0.1794871794871795
	NaN	0.0
	NaN	0.0
	NaN	0.0
	NaN	0.0
	NaN	1.0
	NaN	0.717948717948718
	NaN	0.41025641025641024
	NaN	0.3333333333333333
	NaN	0.2564102564102564
	NaN	0.41025641025641024
	NaN	0.1794871794871795
	NaN	1.0
	NaN	0.2564102564102564
	NaN	0.0
	NaN	0.0
	NaN	0.0
	NaN	0.0
	NaN	0.717948717948718
	NaN	0.3333333333333333
	NaN	0.2564102564102564
	NaN	0.1794871794871795
	NaN	0.1794871794871795
	NaN	0.3076923076923077
	NaN	0.0
	NaN	0.0


	NaN	1.0
	NaN	0.717948717948718
	NaN	0.3333333333333333
	NaN	0.2564102564102564
	NaN	0.1794871794871795
	NaN	0.1794871794871795
	NaN	0.0
	NaN	0.0
	NaN	0.0
	NaN	0.0
	NaN	1.0
	NaN	0.717948717948718
	NaN	0.41025641025641024
	NaN	0.3333333333333333
	NaN	0.2564102564102564
	NaN	0.41025641025641024
	NaN	0.1794871794871795
	NaN	1.0
	NaN	0.2564102564102564
	NaN	0.0
	NaN	0.0
	NaN	0.0
	NaN	0.0
	NaN	0.717948717948718
	NaN	0.3333333333333333
	NaN	0.2564102564102564
	NaN	0.1794871794871795
	NaN	0.1794871794871795
	NaN	0.3076923076923077
	NaN	0.0
	NaN	0.0
	NaN	1.0
	NaN	0.717948717948718
	NaN	0.3333333333333333
	NaN	0.2564102564102564
	NaN	0.1794871794871795
	NaN	0.0
	NaN	1.0
	NaN	0.2564102564102564
	NaN	0.0
	NaN	0.0
	NaN	0.0
	NaN	0.0
	NaN	0.717948717948718
	NaN	0.3333333333333333
	NaN	0.2564102564102564
	NaN	0.1794871794871795
	NaN	0.1794871794871795
	NaN	0.3076923076923077
	NaN	0.0
	NaN	0.0
	NaN	1.0
	NaN	0.717948717948718
	NaN	0.41025641025641024
	NaN	0.3333333333333333
	NaN	0.2564102564102564
	NaN	0.41025641025641024
	NaN	0.1794871794871795


	NaN	1.0
	NaN	0.7317073170731707
	NaN	0.36585365853658536
	NaN	0.2926829268292683
	NaN	0.21951219512195122
	NaN	0.21951219512195122
	NaN	0.04878048780487805
	NaN	0.04878048780487805
	NaN	0.04878048780487805
	NaN	0.04878048780487805
	NaN	1.0
	NaN	0.7317073170731707
	NaN	0.43902439024390244
	NaN	0.36585365853658536
	NaN	0.2926829268292683
	NaN	0.43902439024390244
	NaN	0.21951219512195122
	NaN	1.0
	NaN	0.2926829268292683
	NaN	0.04878048780487805
	NaN	0.04878048780487805
	NaN	0.04878048780487805
	NaN	0.04878048780487805
	NaN	0.7317073170731707
	NaN	0.36585365853658536
	NaN	0.2926829268292683
	NaN	0.21951219512195122
	NaN	0.21951219512195122
	NaN	0.34146341463414637
	NaN	0.04878048780487805
	NaN	0.04878048780487805
	NaN	1.0
	NaN	0.7317073170731707
	NaN	0.36585365853658536
	NaN	0.2926829268292683
	NaN	0.21951219512195122
	NaN	0.04878048780487805
	NaN	1.0
	NaN	0.2926829268292683
	NaN	0.04878048780487805
	NaN	0.04878048780487805
	NaN	0.04878048780487805
	NaN	0.04878048780487805
	NaN	0.7317073170731707
	NaN	0.36585365853658536
	NaN	0.2926829268292683
	NaN	0.21951219512195122
	NaN	0.21951219512195122
	NaN	0.34146341463414637
	NaN	0.04878048780487805
	NaN	0.04878048780487805
	NaN	1.0
	NaN	0.7317073170731707
	NaN	0.43902439024390244
	NaN	0.36585365853658536
	NaN	0.2926829268292683
	NaN	0.43902439024390244
	NaN	0.21951219512195122
	NaN	0.7317073170731707
	NaN	1.0
	NaN	0.2926829268292683
	NaN	0.04878048780487805
	NaN	0.04878048780487805
	NaN	0.04878048780487805
	NaN	0.04878048780487805
	NaN	0.7317073170731707
	NaN	0.36585365853658536
	NaN	0.2926829268292683
	NaN	0.21951219512195122
	NaN	0.21951219512195122
	NaN	0.34146341463414637
	NaN	0.04878048780487805
	NaN	0.04878048780487805
	NaN	1.0
	NaN	0.7317073170731707
	NaN	0.43902439024390244
	NaN	0.36585365853658536
	NaN	0.2926829268292683
	NaN	0.43902439024390244
	NaN	0.21951219512195122
	NaN	1.0
	NaN	0.7317073170731707
	NaN	0.36585365853658536
	NaN	0.2926829268292683
	NaN	0.21951219512195122
	NaN	0.04878048780487805
	NaN	0.2926829268292683
	NaN	0.04878048780487805
	NaN	0.0


	NaN	0.04878048780487805
	NaN	0.04878048780487805
	NaN	1.0
	NaN	0.7317073170731707
	NaN	0.36585365853658536
	NaN	0.2926829268292683
	NaN	0.21951219512195122
	NaN	0.04878048780487805
	NaN	1.0
	NaN	0.2926829268292683
	NaN	0.04878048780487805
	NaN	0.04878048780487805
	NaN	0.04878048780487805
	NaN	0.04878048780487805
	NaN	0.7317073170731707
	NaN	0.36585365853658536
	NaN	0.2926829268292683
	NaN	0.21951219512195122
	NaN	0.21951219512195122
	NaN	0.34146341463414637
	NaN	0.04878048780487805
	NaN	0.04878048780487805
	NaN	1.0
	NaN	0.7317073170731707
	NaN	0.43902439024390244
	NaN	0.36585365853658536
	NaN	0.2926829268292683
	NaN	0.43902439024390244
	NaN	0.21951219512195122
	NaN	0.7317073170731707
	NaN	1.0
	NaN	0.2926829268292683
	NaN	0.04878048780487805
	NaN	0.04878048780487805
	NaN	0.04878048780487805
	NaN	0.04878048780487805
	NaN	0.7317073170731707
	NaN	0.36585365853658536
	NaN	0.2926829268292683
	NaN	0.21951219512195122
	NaN	0.21951219512195122
	NaN	0.34146341463414637
	NaN	0.04878048780487805
	NaN	0.04878048780487805
	NaN	1.0
	NaN	0.7317073170731707
	NaN	0.43902439024390244
	NaN	0.36585365853658536
	NaN	0.2926829268292683
	NaN	0.43902439024390244
	NaN	0.21951219512195122
	NaN	1.0
	NaN	0.7317073170731707
	NaN	0.36585365853658536
	NaN	0.2926829268292683
	NaN	0.21951219512195122
	NaN	0.04878048780487805
	NaN	0.2926829268292683
	NaN	0.04878048780487805
	NaN	0.0
	NaN	1.0
	NaN	0.7317073170731707
	NaN	0.43902439024390244
	NaN	0.36585365853658536
	NaN	0.2926829268292683
	NaN	0.2926829268292683
	NaN	0.1951219512195122
	NaN	1.0
	NaN	0.2926829268292683
	NaN	0.04878048780487805
	NaN	0.04878048780487805
	NaN	0.04878048780487805
	NaN	0.04878048780487805
	NaN	0.7317073170731707
	NaN	0.36585365853658536
	NaN	0.2926829268292683
	NaN	0.21951219512195122
	NaN	0.21951219512195122
	NaN	0.34146341463414637
	NaN	0.04878048780487805
	NaN	0.04878048780487805
	NaN	1.0
	NaN	0.7317073170731707
	NaN	0.43902439024390244
	NaN	0.36585365853658536
	NaN	0.2926829268292683
	NaN	0.43902439024390244
	NaN	0.21951219512195122
	NaN	1.0
	NaN	0.7317073170731707
	NaN	0.36585365853658536
	NaN	0.2926829268292683
	NaN	0.21951219512195122
	NaN	0.04878048780487805
	NaN	0.2926829268292683
	NaN	0.04878048780487805
	NaN	0.0
	NaN	0.7317073170731707
	NaN	0.04878048780487805
	NaN	0.024390243902439025


	NaN	0.7317073170731707
	NaN	0.43902439024390244
	NaN	0.36585365853658536
	NaN	0.2926829268292683
	NaN	0.43902439024390244
	NaN	0.21951219512195122
	NaN	1.0
	NaN	0.7317073170731707
	NaN	0.36585365853658536
	NaN	0.2926829268292683
	NaN	0.21951219512195122
	NaN	0.04878048780487805
	NaN	0.2926829268292683
	NaN	0.04878048780487805
	NaN	0.0
	NaN	1.0
	NaN	0.7317073170731707
	NaN	0.43902439024390244
	NaN	0.36585365853658536
	NaN	0.2926829268292683
	NaN	0.2926829268292683
	NaN	0.1951219512195122
	NaN	1.0
	NaN	0.2926829268292683
	NaN	0.04878048780487805
	NaN	0.04878048780487805
	NaN	0.04878048780487805
	NaN	0.04878048780487805
	NaN	0.7317073170731707
	NaN	0.36585365853658536
	NaN	0.2926829268292683
	NaN	0.21951219512195122
	NaN	0.21951219512195122
	NaN	0.34146341463414637
	NaN	0.04878048780487805
	NaN	0.04878048780487805
	NaN	1.0
	NaN	0.7317073170731707
	NaN	0.43902439024390244
	NaN	0.36585365853658536
	NaN	0.2926829268292683
	NaN	0.43902439024390244
	NaN	0.21951219512195122
	NaN	1.0
	NaN	0.7317073170731707
	NaN	0.36585365853658536
	NaN	0.2926829268292683
	NaN	0.21951219512195122
	NaN	0.04878048780487805
	NaN	0.2926829268292683
	NaN	0.04878048780487805
	NaN	0.0
	NaN	0.7317073170731707
	NaN	0.04878048780487805
	NaN	0.024390243902439025
	NaN	1.0
	NaN	0.7317073170731707
	NaN	0.5365853658536586
	NaN	1.0
	NaN	0.2926829268292683
	NaN	0.04878048780487805
	NaN	0.04878048780487805
	NaN	0.04878048780487805
	NaN	0.04878048780487805
	NaN	0.7317073170731707
	NaN	0.36585365853658536
	NaN	0.2926829268292683
	NaN	0.21951219512195122
	NaN	0.21951219512195122
	NaN	0.34146341463414637
	NaN	0.04878048780487805
	NaN	0.04878048780487805
	NaN	1.0
	NaN	0.7317073170731707
	NaN	0.43902439024390244
	NaN	0.36585365853658536
	NaN	0.2926829268292683
	NaN	0.43902439024390244
	NaN	0.21951219512195122
	NaN	1.0
	NaN	0.7317073170731707
	NaN	0.36585365853658536
	NaN	0.2926829268292683
	NaN	0.21951219512195122
	NaN	0.04878048780487805
	NaN	0.2926829268292683
	NaN	0.04878048780487805
	NaN	0.0
	NaN	0.7317073170731707
	NaN	0.04878048780487805
	NaN	0.024390243902439025
	NaN	1.0
	NaN	0.7317073170731707
	NaN	0.43902439024390244
	NaN	0.36585365853658536
	NaN	0.2926829268292683
	NaN	0.2926829268292683
	NaN	0.1951219512195122
	NaN	0.2926829268292683
	NaN	0.0


	NaN	0.7317073170731707
	NaN	0.04878048780487805
	NaN	0.024390243902439025
	NaN	1.0
	NaN	0.7317073170731707
	NaN	0.5365853658536586
	NaN	1.0
	NaN	0.2926829268292683
	NaN	0.04878048780487805
	NaN	0.04878048780487805
	NaN	0.04878048780487805
	NaN	0.04878048780487805
	NaN	0.7317073170731707
	NaN	0.36585365853658536
	NaN	0.2926829268292683
	NaN	0.21951219512195122
	NaN	0.21951219512195122
	NaN	0.34146341463414637
	NaN	0.04878048780487805
	NaN	0.04878048780487805
	NaN	1.0
	NaN	0.7317073170731707
	NaN	0.43902439024390244
	NaN	0.36585365853658536
	NaN	0.2926829268292683
	NaN	0.43902439024390244
	NaN	0.21951219512195122
	NaN	1.0
	NaN	0.7317073170731707
	NaN	0.36585365853658536
	NaN	0.2926829268292683
	NaN	0.21951219512195122
	NaN	0.04878048780487805
	NaN	0.2926829268292683
	NaN	0.04878048780487805
	NaN	0.0
	NaN	0.7317073170731707
	NaN	0.04878048780487805
	NaN	0.024390243902439025
	NaN	1.0
	NaN	0.7317073170731707
	NaN	0.43902439024390244
	NaN	0.36585365853658536
	NaN	0.2926829268292683
	NaN	0.2926829268292683
	NaN	0.1951219512195122
	NaN	0.2926829268292683
	NaN	0.0
	NaN	1.0
	NaN	0.7317073170731707
	NaN	0.36585365853658536
	NaN	0.2926829268292683
	NaN	0.21951219512195122
	NaN	0.04878048780487805
	NaN	0.0
	NaN	1.0
	NaN	0.2926829268292683
	NaN	0.04878048780487805
	NaN	0.04878048780487805
	NaN	0.04878048780487805
	NaN	0.04878048780487805
	NaN	0.7317073170731707
	NaN	0.36585365853658536
	NaN	0.2926829268292683
	NaN	0.21951219512195122
	NaN	0.21951219512195122
	NaN	0.34146341463414637
	NaN	0.04878048780487805
	NaN	0.04878048780487805
	NaN	1.0
	NaN	0.7317073170731707
	NaN	0.43902439024390244
	NaN	0.36585365853658536
	NaN	0.2926829268292683
	NaN	0.43902439024390244
	NaN	0.21951219512195122
	NaN	1.0
	NaN	0.7317073170731707
	NaN	0.36585365853658536
	NaN	0.2926829268292683
	NaN	0.21951219512195122
	NaN	0.04878048780487805
	NaN	0.2926829268292683
	NaN	0.04878048780487805
	NaN	0.0
	NaN	0.7317073170731707
	NaN	0.04878048780487805
	NaN	0.024390243902439025
	NaN	1.0
	NaN	0.7317073170731707
	NaN	0.43902439024390244
	NaN	0.36585365853658536
	NaN	0.2926829268292683
	NaN	0.2926829268292683
	NaN	0.1951219512195122
	NaN	0.2926829268292683
	NaN	0.0
	NaN	1.0
	NaN	0.7317073170731707
	NaN	0.5365853658536586


	1.9437599272233776	0.6818181818181818
	1.9369535884316789	0.3409090909090909
	2.2538722213749267	0.2727272727272727
	2.232956578839256	0.20454545454545456
	2.5751983293329785	0.20454545454545456
	3.0730011744156966	0.3181818181818182
	2.41266428570499	0.045454545454545456
	2.41266428570499	0.045454545454545456
	1.9508144756195915	0.9318181818181818
	1.9437599272233776	0.6818181818181818
	2.2972567184357273	0.4090909090909091
	1.9369535884316789	0.3409090909090909
	2.2538722213749267	0.2727272727272727
	2.2972567184357273	0.4090909090909091
	2.232956578839256	0.20454545454545456
	1.9508144756195915	0.9318181818181818
	1.9437599272233776	0.6818181818181818
	1.9369535884316789	0.3409090909090909
	2.2538722213749267	0.2727272727272727
	2.232956578839256	0.20454545454545456
	2.41266428570499	0.045454545454545456
	2.2538722213749267	0.2727272727272727
	2.0704225352112675	0.045454545454545456
	2.954017023575326	0.0
	2.036929140432754	0.6818181818181818
	2.41266428570499	0.045454545454545456
	3.743991446344245	0.022727272727272728
	1.9508144756195915	0.9318181818181818
	1.9437599272233776	0.6818181818181818
	2.211627202947383	0.4090909090909091
	1.9369535884316789	0.3409090909090909
	2.2538722213749267	0.2727272727272727
	2.0306653404240316	0.2727272727272727
	2.2840965240373783	0.18181818181818182
	2.150060305653546	0.2727272727272727
	2.218329653383801	0.0
	1.9508144756195915	0.9318181818181818
	1.9437599272233776	0.6818181818181818
	2.0291898828221613	0.5
	1.9508144756195915	0.9318181818181818
	1.9508144756195915	0.9318181818181818
	2.4241109601218342	0.2727272727272727
	2.41266428570499	0.045454545454545456
	2.41266428570499	0.045454545454545456
	2.830774205647185	0.045454545454545456
	2.41266428570499	0.045454545454545456
	1.9437599272233776	0.6818181818181818
	1.9369535884316789	0.3409090909090909
	2.2538722213749267	0.2727272727272727
	2.232956578839256	0.20454545454545456
	2.5751983293329785	0.20454545454545456
	3.0730011744156966	0.3181818181818182
	2.41266428570499	0.045454545454545456
	2.41266428570499	0.045454545454545456
	1.9508144756195915	0.9318181818181818
	1.9437599272233776	0.6818181818181818
	2.2972567184357273	0.4090909090909091
	1.9369535884316789	0.3409090909090909
	2.2538722213749267	0.2727272727272727
	2.2972567184357273	0.4090909090909091
	2.232956578839256	0.20454545454545456
	1.9508144756195915	0.9318181818181818
	1.9437599272233776	0.6818181818181818
	1.9369535884316789	0.3409090909090909
	2.2538722213749267	0.2727272727272727
	2.232956578839256	0.20454545454545456
	2.41266428570499	0.045454545454545456
	2.2538722213749267	0.2727272727272727
	2.0704225352112675	0.045454545454545456
	2.954017023575326	0.0
	2.036929140432754	0.6818181818181818
	2.41266428570499	0.045454545454545456
	3.743991446344245	0.022727272727272728
	1.9508144756195915	0.9318181818181818
	1.9437599272233776	0.6818181818181818
	2.211627202947383	0.4090909090909091
	1.9369535884316789	0.3409090909090909
	2.2538722213749267	0.2727272727272727
	2.0306653404240316	0.2727272727272727
	2.2840965240373783	0.18181818181818182
	2.150060305653546	0.2727272727272727
	2.218329653383801	0.0
	1.9508144756195915	0.9318181818181818
	1.9437599272233776	0.6818181818181818
	2.0291898828221613	0.5
	1.9508144756195915	0.9318181818181818
	1.9437599272233776	0.6818181818181818
	1.9369535884316789	0.3409090909090909
	2.2538722213749267	0.2727272727272727
	2.232956578839256	0.20454545454545456
	2.41266428570499	0.045454545454545456
	2.6117752730816033	0.0
	2.936704868047524	1.0
	1.9609698156923074	0.4318181818181818
	2.0515829099319878	0.4090909090909091
	2.3303992081294806	0.3409090909090909
	2.4783008209685926	0.3409090909090909
	2.0704225352112675	0.045454545454545456
	2.9664622354967563	0.022727272727272728
	3.2242198253449867	0.045454545454545456


	NaN	1.0
	NaN	0.7317073170731707
	NaN	0.36585365853658536
	NaN	0.2926829268292683
	NaN	0.34146341463414637
	NaN	0.21951219512195122
	NaN	0.04878048780487805
	NaN	0.0


	1.8359375	1.0
	1.8365621283053626	0.7317073170731707
	1.8349031962112532	0.36585365853658536
	2.187928350872485	0.2926829268292683
	3.113335546880666	0.34146341463414637
	2.1723036817713695	0.21951219512195122
	1.978125	0.04878048780487805
	2.921544799176107	0.0
	1.8359375	1.0
	1.8365621283053626	0.7317073170731707
	2.1236344120334776	0.43902439024390244
	1.8349031962112532	0.36585365853658536
	1.6356107532165183	0.21951219512195122
	2.659821432456738	0.1951219512195122
	1.978125	0.04878048780487805
	2.921544799176107	0.0
	1.8359375	1.0
	1.8365621283053626	0.7317073170731707
	2.921544799176107	0.0
	1.8349031962112532	0.36585365853658536
	2.187928350872485	0.2926829268292683
	3.113335546880666	0.34146341463414637
	2.1723036817713695	0.21951219512195122
	1.978125	0.04878048780487805
	4.510587626557491	0.07317073170731707
	3.1484519824922756	0.04878048780487805


	NaN	1.0
	NaN	0.9393939393939394
	NaN	0.9090909090909091
	NaN	0.45454545454545453
	NaN	0.36363636363636365
	NaN	0.36363636363636365
	NaN	0.36363636363636365
	NaN	0.2727272727272727
	NaN	0.06060606060606061
	NaN	0.06060606060606061
	NaN	0.0
	NaN	0.0


	NaN	0.8048780487804879
	NaN	0.7560975609756098
	NaN	0.7317073170731707
	NaN	0.36585365853658536
	NaN	0.2926829268292683
	NaN	0.2926829268292683
	NaN	0.2926829268292683
	NaN	0.21951219512195122
	NaN	0.04878048780487805
	NaN	0.04878048780487805
	NaN	0.0
	NaN	0.0
	NaN	0.7317073170731707
	NaN	1.0
	NaN	0.36585365853658536
	NaN	0.21951219512195122
	NaN	0.2926829268292683
	NaN	0.8048780487804879
	NaN	0.7560975609756098
	NaN	0.2926829268292683
	NaN	0.21951219512195122
	NaN	0.04878048780487805
	NaN	0.04878048780487805
	NaN	0.0
	NaN	0.0
	NaN	0.7317073170731707
	NaN	0.36585365853658536
	NaN	0.2926829268292683
	NaN	0.2926829268292683
	NaN	0.0975609756097561
	NaN	0.0
	NaN	0.0


	2.056979973406884	0.8048780487804879
	1.9957590540429475	0.7560975609756098
	2.042784840699059	0.7317073170731707
	1.8873617773497409	0.36585365853658536
	2.3063185908894774	0.2926829268292683
	2.1353602011802364	0.2926829268292683
	2.004876951598264	0.2926829268292683
	1.649954689070384	0.21951219512195122
	1.911639762107052	0.04878048780487805
	1.911639762107052	0.04878048780487805
	2.1730599506912585	0.0
	2.7582629066490965	0.0
	1.9547346537938926	0.7317073170731707
	2.0	1.0
	1.8873617773497409	0.36585365853658536
	1.649954689070384	0.21951219512195122
	1.955574276833834	0.2926829268292683
	2.056979973406884	0.8048780487804879
	1.9957590540429475	0.7560975609756098
	2.004876951598264	0.2926829268292683
	1.649954689070384	0.21951219512195122
	1.911639762107052	0.04878048780487805
	1.911639762107052	0.04878048780487805
	2.1730599506912585	0.0
	2.7582629066490965	0.0
	2.042784840699059	0.7317073170731707
	1.8873617773497409	0.36585365853658536
	2.3063185908894774	0.2926829268292683
	2.1353602011802364	0.2926829268292683
	2.080914246504295	0.0975609756097561
	2.1730599506912585	0.0
	2.1730599506912585	0.0
	2.056979973406884	0.8048780487804879
	1.9957590540429475	0.7560975609756098
	2.004876951598264	0.2926829268292683
	1.649954689070384	0.21951219512195122
	1.911639762107052	0.04878048780487805
	1.911639762107052	0.04878048780487805
	2.1730599506912585	0.0
	2.7582629066490965	0.0
	2.042784840699059	0.7317073170731707
	1.8873617773497409	0.36585365853658536
	2.3063185908894774	0.2926829268292683
	2.1353602011802364	0.2926829268292683
	2.080914246504295	0.0975609756097561
	2.1730599506912585	0.0
	2.1730599506912585	0.0
	1.9547346537938926	0.7317073170731707
	2.0	1.0
	1.8873617773497409	0.36585365853658536
	1.649954689070384	0.21951219512195122
	1.955574276833834	0.2926829268292683
	1.9773508520625158	0.8048780487804879
	2.0746708606821365	0.4878048780487805
	1.649954689070384	0.21951219512195122
	2.358504999889681	0.12195121951219512
	2.4935420074490118	0.12195121951219512
	2.4366573421637567	0.04878048780487805
	3.9058461899404615	0.024390243902439025
	3.283280486705802	0.0
	3.0551240112220697	0.04878048780487805


	1.9307417097051105	0.6666666666666666
	2.631413938619908	1.0
	2.8201438848920866	0.8717948717948718
	2.169607651531114	0.3076923076923077
	1.769987016230456	0.23076923076923078
	1.769987016230456	0.23076923076923078
	2.227599120825522	0.20512820512820512
	2.0719424460431655	0.05128205128205128
	3.018193202768985	0.0


	4.319171725856764	0.9459459459459459
	4.0	1.0
	1.9992380675847963	0.5945945945945946
	1.686493881390578	0.24324324324324326
	3.04874973399037	0.40540540540540543
	1.815026118473733	0.13513513513513514
	1.686493881390578	0.24324324324324326
	1.686493881390578	0.24324324324324326
	2.258696027561864	0.24324324324324326
	2.719919262987414	0.02702702702702703
	2.074626865671642	0.05405405405405406
	3.020864916620123	0.0


	3.5	1.0
	1.5987499737489497	0.36363636363636365
	1.704879336943155	0.15151515151515152
	1.8342964357717326	0.1111111111111111
	2.2267432465470356	0.0707070707070707
	2.1099290780141846	0.08080808080808081
	2.9356543726186852	0.0


	2.0	1.0
	2.2076467234235175	0.9375
	3.0260416666666665	0.4375
	3.0260416666666665	0.4375
	3.299122532121592	0.0


	2.0507193721842754	1.0
	2.3819910514541385	0.875
	2.353097105897737	1.0
	2.6472339291769607	0.4375
	2.6773693050311675	0.6875
	3.435247822766513	0.4375
	3.0410514541387026	0.0


	2.4421296296296298	0.8888888888888888
	2.4271405777227435	1.0
	2.879748832512937	0.8333333333333334
	2.0087719298245617	0.3333333333333333
	2.329342855729641	0.6111111111111112
	2.5940588449107946	1.0
	2.5904941528048306	0.3888888888888889
	2.8078677645839707	0.5555555555555556
	2.7130066217296434	0.4444444444444444
	3.049849309741396	0.3888888888888889
	3.2528553733589702	0.4444444444444444
	2.750757241527783	0.0


	2.42506091193874	1.0
	1.4414855072463768	0.45
	2.416141663766098	0.3
	3.878260869565217	0.7
	3.381135711295066	0.3
	3.07353653707431	0.0


	2.4880115089514065	1.0
	1.3202135774218153	0.45
	2.2402171108718085	0.3
	2.2402171108718085	0.3
	3.075591432225064	0.0
	3.345690312738368	0.0


	1.1216216216216217	0.6923076923076923
	2.067455975343054	0.5384615384615384
	3.072682874898532	0.8461538461538461
	3.0434987226032004	1.0
	3.81388552069784	0.07692307692307693
	2.4818863584588136	0.0
	3.438728758300398	0.0


